Gaussian 1
a1 =  226.671948856073
b1 =  645.031110353579
c1 =  13.5117995584148
d1 =  4.11285100290924
Q1 =  1.27326199733534
NDF1 =  67
Gaussian 2
a2 =  174.740447508093
b2 =  732.56721241591
c2 =  14.3397516892239
d2 =  0.0941480743576935
Q2 =  0.787312607435375
NDF2 =  57
