m =  -0.000120172554758983
b =  -0.0180743867842089
m_err =  7.3308067394797e-06
b_err =  0.0270065181266599
