Gaussian 1
a1 =  2343.67065018557
b1 =  17.2583635054423
c1 =  1.32792585835704
d1 =  319.109121536416
CHISQ/NDF =  9874.61662934834
Gaussian 2
a2 =  900.636689154235
b2 =  367.767466765668
c2 =  9.42641126420128
d2 =  44.9944829528744
CHISQ/NDF =  813.364332295449
