a =  1159.72672790011
b =  108.823233480597
c =  22.5257409419834
d =  -771.299691041373
chisq =  35.5320539647333
a_err =  22048.4709576032
b_err =  0.653783819803875
c_err =  221.46279286108
d_err =  22053.978629739
Contagens do Joelho =  171.0
