m =  0.555204409371923
b =  -0.345800193583774
m_err =  0.00354684383448974
b_err =  0.701570062231388
