Gaussian 1
a1 =  555.930604844842
b1 =  48.2079899856094
c1 =  10.733529152773
d1 =  1686.79672970336
Q1 =  1.85633656710696
NDF1 =  27
Gaussian 2
a2 =  44.9748210601353
b2 =  802.929785888218
c2 =  11.4418741459381
d2 =  17.2033491154473
Q2 =  1.0325710240178
NDF2 =  37
Gaussian 3
a3 =  5164.12422968516
b3 =  119.730908572866
c3 =  89.6120538783899
d3 =  -4411.81185696653
Q3 =  1.41546252955335
NDF3 =  17
Gaussian 4
a4 =  181.311157987812
b4 =  327.780587775475
c4 =  48.7115422543244
d4 =  -85.2015160185075
Q4 =  1.56143086748069
NDF4 =  62
